["port 1","LEFT"]
["port 5","RIGHT"]
["port 6","RIGHT"]
["port 4","RIGHT"]
["port 3","RIGHT"]
["port 2","LEFT"]
("port 1","mode 1",1,"port 1",1,"transmission")
(20, 3)
1.9156067603833869e+14 8.9601448027353051e-03 -2.0379921387946554e+00
1.9178642094276097e+14 2.3413020679147198e-03 -1.7782604201231429e+00
1.9201269853362550e+14 8.1627197509620917e-03 -1.6156345946681911e+00
1.9223951069861628e+14 7.2984239692784553e-03 -1.2121055408480261e+00
1.9246685933434703e+14 1.9364942485201463e-03 -1.9283832397603564e+00
1.9269474634641409e+14 5.7816061448270600e-03 -5.7660768294948683e-01
1.9292317364944962e+14 2.7771634348699443e-03 -1.7659364062670662e+00
1.9315214316717531e+14 1.9712980542757226e-03 -1.0009273484422776e+00
1.9338165683245631e+14 9.5748668216139154e-03 -5.7884473379526391e-01
1.9361171658735556e+14 2.7438433047539739e-03 -6.9851218806295334e-01
1.9384232438318872e+14 5.2943073754908960e-03 -1.0717062812745188e+00
1.9407348218057922e+14 5.2216146771074060e-03 -6.5139974997400185e-01
1.9430519194951391e+14 7.7738074597556951e-03 3.3803771940034394e-01
1.9453745566939894e+14 7.5384164998154772e-03 8.5019873777644639e-01
1.9477027532911609e+14 2.7785400958186858e-02 1.7745142304913408e+00
1.9500365292707978e+14 7.6357748891162248e-03 5.4333876676195325e-01
1.9523759047129391e+14 1.4276170786439260e-02 2.9459456796261474e+00
1.9547208997940975e+14 1.5197560785596666e-02 3.6840189546706092e+00
1.9570715347878372e+14 1.7824330466329925e-02 4.9498468011190369e+00
1.9594278300653594e+14 7.7701528804674921e-03 5.6317400473361179e+00
("port 1","mode 1",1,"port 2",1,"transmission")
(20, 3)
1.9156067603833869e+14 9.6100014706014172e-03 1.3236455422226581e+00
1.9178642094276097e+14 2.9583654832571350e-03 4.3046570369405597e+00
1.9201269853362550e+14 4.5222852225519561e-03 2.3315611273474257e+00
1.9223951069861628e+14 8.8413566484164168e-04 2.4339918889725323e+00
1.9246685933434703e+14 1.4296494924515275e-02 5.1148907037112856e+00
1.9269474634641409e+14 8.2378557177112974e-04 6.8755950087125166e+00
1.9292317364944962e+14 4.2306565235377411e-03 9.0033808010184426e+00
1.9315214316717531e+14 1.9904083276013830e-03 6.5082883053616136e+00
1.9338165683245631e+14 6.3911467329439420e-03 7.0952003208422232e+00
1.9361171658735556e+14 3.2404888987845552e-03 8.6993154039662155e+00
1.9384232438318872e+14 4.2203533919122280e-03 9.3916329603815978e+00
1.9407348218057922e+14 5.1324032626804900e-03 9.5548001593341958e+00
1.9430519194951391e+14 7.0753969439255673e-03 9.6228636382498394e+00
1.9453745566939894e+14 8.3806211047607933e-03 9.9440508341300244e+00
1.9477027532911609e+14 2.9329823460518155e-03 1.0306850596984189e+01
1.9500365292707978e+14 8.1962599824157607e-03 1.2936205637116286e+01
1.9523759047129391e+14 1.3434306749688398e-02 1.2321093395533174e+01
1.9547208997940975e+14 1.3924865666751647e-02 1.3036872180021268e+01
1.9570715347878372e+14 1.4031790660316325e-02 1.2078268037109453e+01
1.9594278300653594e+14 8.1329342918452664e-03 1.1727867180385665e+01
("port 1","mode 1",1,"port 3",1,"transmission")
(20, 3)
1.9156067603833869e+14 4.9103100033529629e-01 -2.5417771257793289e+00
1.9178642094276097e+14 4.8118954966714644e-01 -5.3509533712207658e+00
1.9201269853362550e+14 4.7761724541294348e-01 -8.1494679797432568e+00
1.9223951069861628e+14 4.8474634172628406e-01 -1.0957831631072743e+01
1.9246685933434703e+14 4.1854909243975491e-01 -1.3219070702336353e+01
1.9269474634641409e+14 4.8567015281073239e-01 -1.0230204053048530e+01
1.9292317364944962e+14 4.8687684903557349e-01 -1.2996715146555328e+01
1.9315214316717531e+14 4.8278487351924160e-01 -1.5402863531515715e+01
1.9338165683245631e+14 3.4788489778537146e-01 -1.8058418781556750e+01
1.9361171658735556e+14 4.8244391679339321e-01 -1.4958669251965793e+01
1.9384232438318872e+14 4.8614658997034255e-01 -1.7688767626614620e+01
1.9407348218057922e+14 5.2339196977323577e-01 -2.0113760732464584e+01
1.9430519194951391e+14 4.7697530668131638e-01 -2.3133648079026116e+01
1.9453745566939894e+14 4.6695968463364462e-01 -2.5826019639246088e+01
1.9477027532911609e+14 4.6924230079719687e-01 -2.8531068145513814e+01
1.9500365292707978e+14 4.6728057419605479e-01 -3.1209361671364828e+01
1.9523759047129391e+14 4.3155045413584364e-01 -3.3552675587313416e+01
1.9547208997940975e+14 4.5698876249168036e-01 -3.6583415248401757e+01
1.9570715347878372e+14 4.3190366985198314e-01 -3.8965997998276578e+01
1.9594278300653594e+14 3.5007963399058639e-01 -4.1665787429690482e+01
("port 1","mode 1",1,"port 4",1,"transmission")
(20, 3)
1.9156067603833869e+14 4.8803258338357147e-01 1.3379823621213083e+00
1.9178642094276097e+14 4.9437103410501915e-01 -1.4663507185710938e+00
1.9201269853362550e+14 4.9665790689539169e-01 -4.2581588425990935e+00
1.9223951069861628e+14 4.9786453366277900e-01 -7.0451111596227944e+00
1.9246685933434703e+14 5.0453880674279050e-01 -9.8202366735511450e+00
1.9269474634641409e+14 5.0004116461731474e-01 -1.2592467142529250e+01
1.9292317364944962e+14 5.0073704773738248e-01 -1.5351959035639000e+01
1.9315214316717531e+14 5.0029661556076188e-01 -1.8107077775339484e+01
1.9338165683245631e+14 5.0234171399259053e-01 -2.0842293478735343e+01
1.9361171658735556e+14 4.9215736862459386e-01 -2.3586256432565467e+01
1.9384232438318872e+14 4.8535476496417612e-01 -2.6320116777707341e+01
1.9407348218057922e+14 4.8139570008964289e-01 -2.9035231279827006e+01
1.9430519194951391e+14 4.7776647806576961e-01 -3.1753479790794305e+01
1.9453745566939894e+14 4.7131267906911672e-01 -3.4464110088923022e+01
1.9477027532911609e+14 4.6280155141035445e-01 -3.7168489997750108e+01
1.9500365292707978e+14 4.6215909950209200e-01 -3.9862987409793440e+01
1.9523759047129391e+14 4.5687479015970067e-01 -4.2534771988773038e+01
1.9547208997940975e+14 4.5514665190268638e-01 -4.5208814766299909e+01
1.9570715347878372e+14 4.4990391058703433e-01 -4.7882981480052521e+01
1.9594278300653594e+14 4.4591557468985688e-01 -5.0607768325364503e+01
("port 1","mode 1",1,"port 5",1,"transmission")
(20, 3)
1.9156067603833869e+14 4.5995391505081495e-01 -1.7634200467398977e+00
1.9178642094276097e+14 4.6483540604615492e-01 -4.5778684615525176e+00
1.9201269853362550e+14 4.6664984782533553e-01 -7.3970406796302566e+00
1.9223951069861628e+14 4.6967423975085826e-01 -1.0194639773251385e+01
1.9246685933434703e+14 4.7300582951214754e-01 -1.2984053030494550e+01
1.9269474634641409e+14 4.7715477189069638e-01 -1.5759848222032446e+01
1.9292317364944962e+14 4.8083021164025519e-01 -1.8526146347278505e+01
1.9315214316717531e+14 4.7926094186402424e-01 -2.1291618501870268e+01
1.9338165683245631e+14 4.8185077124163489e-01 -2.4041903252780969e+01
1.9361171658735556e+14 4.8672921749427939e-01 -2.6769498242940056e+01
1.9384232438318872e+14 4.8539895917094311e-01 -2.9507673067929616e+01
1.9407348218057922e+14 4.8753545031729412e-01 -3.2219960087133558e+01
1.9430519194951391e+14 4.8988744208279145e-01 -3.4934272848383088e+01
1.9453745566939894e+14 4.8559074262690372e-01 -3.7632265865883191e+01
1.9477027532911609e+14 4.8058618877262288e-01 -4.0328536485364722e+01
1.9500365292707978e+14 4.7900200142054850e-01 -4.3013493594101462e+01
1.9523759047129391e+14 4.7716131709762272e-01 -4.5684396443868629e+01
1.9547208997940975e+14 4.7288065069797847e-01 -4.8345830951561148e+01
1.9570715347878372e+14 4.6531544563371630e-01 -5.1011750070700280e+01
1.9594278300653594e+14 4.5845426146584162e-01 -5.3728079117448338e+01
("port 1","mode 1",1,"port 6",1,"transmission")
(20, 3)
1.9156067603833869e+14 4.7853607535052878e-01 -2.5433226497063890e+00
1.9178642094276097e+14 4.7658963837407781e-01 -5.3714035128628694e+00
1.9201269853362550e+14 4.7960946782563502e-01 -8.1635801719741554e+00
1.9223951069861628e+14 4.8102231975161275e-01 -1.0954737614230240e+01
1.9246685933434703e+14 2.6101996102738556e-01 -1.1675895471472051e+01
1.9269474634641409e+14 4.8091420649743571e-01 -1.0234990292360189e+01
1.9292317364944962e+14 4.7948767751903271e-01 -1.3012994383338123e+01
1.9315214316717531e+14 2.5264843870904219e-01 -1.4070884409026476e+01
1.9338165683245631e+14 9.1148397783391857e-02 -1.6639838877139230e+01
1.9361171658735556e+14 4.8837085457385548e-01 -1.4977821037986544e+01
1.9384232438318872e+14 4.8565288819910557e-01 -1.7710586118262754e+01
1.9407348218057922e+14 5.0179190990106870e-02 -1.7895157639291288e+01
1.9430519194951391e+14 4.8996286728309835e-01 -1.6854726377002262e+01
1.9453745566939894e+14 4.8046527136283429e-01 -1.9526300482472450e+01
1.9477027532911609e+14 4.7956843069689192e-01 -2.2251980253577411e+01
1.9500365292707978e+14 4.8380907590353939e-01 -2.4939140689242610e+01
1.9523759047129391e+14 2.8475261159951548e-01 -2.5903670294715035e+01
1.9547208997940975e+14 4.6572191769743232e-01 -2.3993555710866900e+01
1.9570715347878372e+14 1.0912445839931097e-01 -2.4873744115279237e+01
1.9594278300653594e+14 3.9352870539475049e-01 -2.7253549198092408e+01
("port 2","mode 1",1,"port 1",1,"transmission")
(20, 3)
1.9156067603833869e+14 9.6182173106218079e-03 1.3240973444677400e+00
1.9178642094276097e+14 3.3150483933848877e-03 -1.8072006381909664e+00
1.9201269853362550e+14 5.0226561722309607e-03 -3.9130539260815360e+00
1.9223951069861628e+14 9.4418000014144532e-04 -3.5172845914043429e+00
1.9246685933434703e+14 1.3732613950009475e-02 -1.0650901511098874e+00
1.9269474634641409e+14 9.9109111050736469e-04 3.2530895112717159e-02
1.9292317364944962e+14 4.2282203904611855e-03 2.7206655591971880e+00
1.9315214316717531e+14 1.4597587295125832e-03 3.5698106270218577e-01
1.9338165683245631e+14 5.3254828133676851e-03 7.5238700144377768e-01
1.9361171658735556e+14 3.2466746738267428e-03 2.4161065240501278e+00
1.9384232438318872e+14 4.7263607310943081e-03 3.1290456501869319e+00
1.9407348218057922e+14 5.3915163213786388e-03 3.2781063887371218e+00
1.9430519194951391e+14 7.0692371770260760e-03 3.3397613011345930e+00
1.9453745566939894e+14 8.2794409298281024e-03 3.6385111068588891e+00
1.9477027532911609e+14 3.0267749084054939e-03 3.8655938254391438e+00
1.9500365292707978e+14 8.1942780784073823e-03 6.6534264920665498e+00
1.9523759047129391e+14 1.3442290174366080e-02 6.0377136818357640e+00
1.9547208997940975e+14 1.3926286298130570e-02 6.7536450912941834e+00
1.9570715347878372e+14 1.8617942804392437e-02 6.6321037933059550e+00
1.9594278300653594e+14 7.7664291345100854e-03 5.3681334625752193e+00
("port 2","mode 1",1,"port 2",1,"transmission")
(20, 3)
1.9156067603833869e+14 8.9999210003318206e-03 -2.0347456931394543e+00
1.9178642094276097e+14 3.5291568151488992e-03 -2.0373768462273167e+00
1.9201269853362550e+14 6.7264998949980535e-03 -1.2726045301976829e+00
1.9223951069861628e+14 5.1887008963767463e-03 -6.8923954631779849e-01
1.9246685933434703e+14 2.7639703440940890e-02 -1.1187141059606043e+00
1.9269474634641409e+14 3.5230666782933556e-03 -1.4734138060448152e+00
1.9292317364944962e+14 2.7616049009013557e-03 -1.7672666883364065e+00
1.9315214316717531e+14 1.5496490960503339e-03 1.1667367887913176e+00
1.9338165683245631e+14 5.5778307062575279e-03 5.4372855554199584e-01
1.9361171658735556e+14 2.7594015954408723e-03 -6.9814636813040820e-01
1.9384232438318872e+14 4.3033544869464941e-03 -9.0735054356202571e-01
1.9407348218057922e+14 4.7565042156707633e-03 -3.8448447252648477e-01
1.9430519194951391e+14 7.7533613801748320e-03 3.3627389838781829e-01
1.9453745566939894e+14 1.2985090457958898e-02 1.1064390032853642e+00
1.9477027532911609e+14 1.8611880288902871e-02 1.4926582919746803e+00
1.9500365292707978e+14 7.6846947494081230e-03 5.4507216646027523e-01
1.9523759047129391e+14 1.4312131380898693e-02 2.9457559112939937e+00
1.9547208997940975e+14 1.5199845690725107e-02 3.6836408651523462e+00
1.9570715347878372e+14 3.3210868467004030e-02 4.6676402960982708e+00
1.9594278300653594e+14 8.9967345369858145e-03 5.4887339538454025e+00
("port 2","mode 1",1,"port 3",1,"transmission")
(20, 3)
1.9156067603833869e+14 4.8311633846917301e-01 -2.5636866247577648e+00
1.9178642094276097e+14 4.7762452785875253e-01 -5.3659302875921453e+00
1.9201269853362550e+14 4.7534054016667587e-01 -8.1613467121960408e+00
1.9223951069861628e+14 4.8162974618362536e-01 -1.0971300957574565e+01
1.9246685933434703e+14 4.1325502563428340e-01 -1.3216975282409789e+01
1.9269474634641409e+14 4.8234921625318983e-01 -1.0249151405376697e+01
1.9292317364944962e+14 4.8389986709593458e-01 -1.3014299906651850e+01
1.9315214316717531e+14 4.7290771692818934e-01 -1.5411495071185890e+01
1.9338165683245631e+14 3.9205839261953085e-01 -1.8071096154103561e+01
1.9361171658735556e+14 4.8856544832943233e-01 -1.4982133721222494e+01
1.9384232438318872e+14 4.9192720189378053e-01 -1.7707602224595906e+01
1.9407348218057922e+14 5.1348931668813702e-01 -2.0123967550540513e+01
1.9430519194951391e+14 4.8657153126631286e-01 -2.3144500390123941e+01
1.9453745566939894e+14 4.8204694858382008e-01 -2.5846535406311055e+01
1.9477027532911609e+14 4.7854452057548641e-01 -2.8526877035790534e+01
1.9500365292707978e+14 4.8061895599979909e-01 -3.1214610232025450e+01
1.9523759047129391e+14 4.3932132312660988e-01 -3.3561465946628836e+01
1.9547208997940975e+14 4.6541438232961896e-01 -3.6561068163813580e+01
1.9570715347878372e+14 4.4597402413832565e-01 -3.8949286429691220e+01
1.9594278300653594e+14 3.7536847904446063e-01 -4.1617933249142034e+01
("port 2","mode 1",1,"port 4",1,"transmission")
(20, 3)
1.9156067603833869e+14 4.5994691771416857e-01 -1.7634069978898399e+00
1.9178642094276097e+14 4.6492753609093890e-01 -4.5777477042436310e+00
1.9201269853362550e+14 4.6677783969392794e-01 -7.3971706726183122e+00
1.9223951069861628e+14 4.6966244862696271e-01 -1.0194617391961483e+01
1.9246685933434703e+14 4.7321634240235788e-01 -1.2985704335630128e+01
1.9269474634641409e+14 4.7708882498338667e-01 -1.5759818189502624e+01
1.9292317364944962e+14 4.8082427128870853e-01 -1.8526134237952228e+01
1.9315214316717531e+14 4.7932686014149828e-01 -2.1291534440976459e+01
1.9338165683245631e+14 4.8223141010086817e-01 -2.4039811014272860e+01
1.9361171658735556e+14 4.8659247053836635e-01 -2.6770083192189706e+01
1.9384232438318872e+14 4.8540411720313809e-01 -2.9507311252569259e+01
1.9407348218057922e+14 4.8737809382153613e-01 -3.2219506391438642e+01
1.9430519194951391e+14 4.8990095604442513e-01 -3.4934288913189853e+01
1.9453745566939894e+14 4.8534303454817829e-01 -3.7632565747259655e+01
1.9477027532911609e+14 4.7996240541392460e-01 -4.0329875354440183e+01
1.9500365292707978e+14 4.7900697240035489e-01 -4.3013493773497707e+01
1.9523759047129391e+14 4.7715372566205844e-01 -4.5684400142388562e+01
1.9547208997940975e+14 4.7288128791509265e-01 -4.8345830626102384e+01
1.9570715347878372e+14 4.6788805633729313e-01 -5.1009681557592856e+01
1.9594278300653594e+14 4.5779944348703627e-01 -5.3727139856452752e+01
("port 2","mode 1",1,"port 5",1,"transmission")
(20, 3)
1.9156067603833869e+14 4.8802775830070338e-01 1.3379911027225291e+00
1.9178642094276097e+14 4.9465276076705567e-01 -1.4663667654479708e+00
1.9201269853362550e+14 4.9669643298844707e-01 -4.2587484351128744e+00
1.9223951069861628e+14 4.9790952574094277e-01 -7.0451400950694545e+00
1.9246685933434703e+14 5.0472188086831171e-01 -9.8217167714839881e+00
1.9269474634641409e+14 5.0003065939371805e-01 -1.2592505018772359e+01
1.9292317364944962e+14 5.0074310222428309e-01 -1.5351972291347476e+01
1.9315214316717531e+14 5.0025767745729055e-01 -1.8107379460914427e+01
1.9338165683245631e+14 5.0176944106224353e-01 -2.0844717645710759e+01
1.9361171658735556e+14 4.9230606949746364e-01 -2.3585697141627094e+01
1.9384232438318872e+14 4.8539265877522458e-01 -2.6320279766730369e+01
1.9407348218057922e+14 4.8166372676775837e-01 -2.9035202460868415e+01
1.9430519194951391e+14 4.7775619582565709e-01 -3.1753455318900457e+01
1.9453745566939894e+14 4.7137957813751458e-01 -3.4465042990589815e+01
1.9477027532911609e+14 4.6195678623266423e-01 -3.7169034930856071e+01
1.9500365292707978e+14 4.6215485035047688e-01 -3.9862970322804010e+01
1.9523759047129391e+14 4.5686736228984415e-01 -4.2534775141779065e+01
1.9547208997940975e+14 4.5514726147209084e-01 -4.5208814347103136e+01
1.9570715347878372e+14 4.5236493166825309e-01 -4.7881079692948276e+01
1.9594278300653594e+14 4.4533076297800750e-01 -5.0606890103494450e+01
("port 2","mode 1",1,"port 6",1,"transmission")
(20, 3)
1.9156067603833869e+14 4.8380957008892855e-01 -2.5296086497993562e+00
1.9178642094276097e+14 4.7960391937192037e-01 -5.3552202810001344e+00
1.9201269853362550e+14 4.8577525669413707e-01 -8.1578123646248297e+00
1.9223951069861628e+14 4.8358373460712156e-01 -1.0944601514383223e+01
1.9246685933434703e+14 2.5692830883651430e-01 -1.1670202193741407e+01
1.9269474634641409e+14 4.8357497214927864e-01 -1.0218256429026846e+01
1.9292317364944962e+14 4.8281852368221062e-01 -1.2994238048519941e+01
1.9315214316717531e+14 2.5232321132431240e-01 -1.4084666407651317e+01
1.9338165683245631e+14 1.0715663203881137e-01 -1.6676374633507191e+01
1.9361171658735556e+14 4.8460306429322320e-01 -1.4957845384024239e+01
1.9384232438318872e+14 4.8395861240493382e-01 -1.7685795018049959e+01
1.9407348218057922e+14 6.7076696127008104e-02 -1.8343526426919944e+01
1.9430519194951391e+14 4.7705567730309267e-01 -1.6855551231606576e+01
1.9453745566939894e+14 4.6580774729460817e-01 -1.9555757695339679e+01
1.9477027532911609e+14 4.6629852578483344e-01 -2.2248983790770765e+01
1.9500365292707978e+14 4.6986780607721185e-01 -2.4934629023098331e+01
1.9523759047129391e+14 2.8840812317984033e-01 -2.5918170537993824e+01
1.9547208997940975e+14 4.5736330110938705e-01 -2.4015901851546761e+01
1.9570715347878372e+14 1.1307652778683781e-01 -2.4809982355224076e+01
1.9594278300653594e+14 3.7470885912880947e-01 -2.7297269195414970e+01
("port 3","mode 1",1,"port 1",1,"transmission")
(20, 3)
1.9156067603833869e+14 4.9259448481144147e-01 -2.5407388176037378e+00
1.9178642094276097e+14 4.8204867194114498e-01 -5.3506525889742695e+00
1.9201269853362550e+14 4.7729487266191539e-01 -8.1494963180188904e+00
1.9223951069861628e+14 4.8622785584155093e-01 -1.0954069434893459e+01
1.9246685933434703e+14 4.1934362278292525e-01 -1.3217969253429573e+01
1.9269474634641409e+14 4.8693238539040729e-01 -1.0229736335995508e+01
1.9292317364944962e+14 4.8738712248728072e-01 -1.2997580450575558e+01
1.9315214316717531e+14 4.8326174470642319e-01 -1.5407361199793890e+01
1.9338165683245631e+14 3.4726183366005803e-01 -1.8052348919889656e+01
1.9361171658735556e+14 4.8297998095115841e-01 -1.4953276931521618e+01
1.9384232438318872e+14 4.8695715352077940e-01 -1.7686999090890200e+01
1.9407348218057922e+14 5.2421891759340278e-01 -2.0114974478220610e+01
1.9430519194951391e+14 4.7788213795352191e-01 -2.3132818764244359e+01
1.9453745566939894e+14 4.6741136446590797e-01 -2.5825844777128300e+01
1.9477027532911609e+14 4.6933693074570249e-01 -2.8529364953166890e+01
1.9500365292707978e+14 4.6721503097167533e-01 -3.1207666969334120e+01
1.9523759047129391e+14 4.3252854282545239e-01 -3.3555914717895561e+01
1.9547208997940975e+14 4.5722328214112273e-01 -3.6584109044281462e+01
1.9570715347878372e+14 4.3177508582457624e-01 -3.8962851734370084e+01
1.9594278300653594e+14 3.4881916165626348e-01 -4.1672917170542291e+01
("port 3","mode 1",1,"port 2",1,"transmission")
(20, 3)
1.9156067603833869e+14 4.8398683238652596e-01 -2.5636307135862948e+00
1.9178642094276097e+14 4.7845331195755086e-01 -5.3657089422502064e+00
1.9201269853362550e+14 4.7510589383092794e-01 -8.1613919351853514e+00
1.9223951069861628e+14 4.8296511472375431e-01 -1.0966958878690139e+01
1.9246685933434703e+14 4.1414687709730774e-01 -1.3215368330178617e+01
1.9269474634641409e+14 4.8334440877330420e-01 -1.0248421139323337e+01
1.9292317364944962e+14 4.8386457534761551e-01 -1.3014512970505344e+01
1.9315214316717531e+14 4.7317351398357244e-01 -1.5417258247206437e+01
1.9338165683245631e+14 3.9278804156931324e-01 -1.8065210986581526e+01
1.9361171658735556e+14 4.8879993486498957e-01 -1.4976720432423576e+01
1.9384232438318872e+14 4.9268375187039493e-01 -1.7707721775702286e+01
1.9407348218057922e+14 5.1336241689309225e-01 -2.0124281957825939e+01
1.9430519194951391e+14 4.8655408970738584e-01 -2.3145459914394550e+01
1.9453745566939894e+14 4.8247942509398367e-01 -2.5848740723762599e+01
1.9477027532911609e+14 4.7817275562330364e-01 -2.8527952113766865e+01
1.9500365292707978e+14 4.8071355999020288e-01 -3.1212936895094437e+01
1.9523759047129391e+14 4.4018710200707567e-01 -3.3566503991849906e+01
1.9547208997940975e+14 4.6683169218682696e-01 -3.6561473527179359e+01
1.9570715347878372e+14 4.4744127948968243e-01 -3.8947202719603503e+01
1.9594278300653594e+14 3.7415591337871307e-01 -4.1623277691717099e+01
("port 3","mode 1",1,"port 3",1,"transmission")
(20, 3)
1.9156067603833869e+14 1.5064864337878826e-03 1.0845834796857912e+00
1.9178642094276097e+14 1.5028877218289284e-04 1.7919826583967073e+00
1.9201269853362550e+14 2.5724618817875224e-04 2.6159752722529497e+00
1.9223951069861628e+14 2.1798574827540974e-03 4.4053345447626446e+00
1.9246685933434703e+14 1.0533554197224211e-03 4.2943494698603590e+00
1.9269474634641409e+14 1.8192559540982204e-03 5.9255300806260180e+00
1.9292317364944962e+14 2.0309790991774844e-03 6.4907449649860300e+00
1.9315214316717531e+14 4.5375887681842008e-04 5.0254973794416413e+00
1.9338165683245631e+14 7.4702776937785684e-03 5.1137312896713301e+00
1.9361171658735556e+14 3.9393966516779785e-03 3.2614272280882011e+00
1.9384232438318872e+14 3.6920600874565963e-03 3.9556392718743845e+00
1.9407348218057922e+14 2.6006478799100855e-03 4.3968554393376920e+00
1.9430519194951391e+14 4.7080566990641394e-03 5.4290467956137878e+00
1.9453745566939894e+14 4.1641207268005367e-03 5.8480019253034259e+00
1.9477027532911609e+14 2.9544644608265965e-03 5.2378684121880514e+00
1.9500365292707978e+14 3.0513166619443328e-03 6.1059453509957313e+00
1.9523759047129391e+14 5.7337546521929053e-03 7.4054916423654173e+00
1.9547208997940975e+14 5.8195158090497481e-03 7.6101833370864522e+00
1.9570715347878372e+14 4.7548367127429724e-03 8.6531347369890668e+00
1.9594278300653594e+14 6.7489618877703099e-03 9.4116489994313426e+00
("port 3","mode 1",1,"port 4",1,"transmission")
(20, 3)
1.9156067603833869e+14 1.8637947767071951e-03 -1.1780210213402391e+00
1.9178642094276097e+14 8.2175053468335401e-04 -1.5863548485812127e+00
1.9201269853362550e+14 3.7125557578573400e-04 -1.3905301706785198e+00
1.9223951069861628e+14 8.8285981912104893e-04 -1.6789270634518159e+00
1.9246685933434703e+14 3.9231783674201589e-04 -1.0694416454417766e+00
1.9269474634641409e+14 3.9966354127407886e-04 -2.4114330196782636e+00
1.9292317364944962e+14 7.2797495369249688e-04 -1.9089266943516838e+00
1.9315214316717531e+14 6.8045519677799879e-04 -8.7240649044548069e-01
1.9338165683245631e+14 1.3676569306546433e-03 -3.9230654659148403e+00
1.9361171658735556e+14 7.6633045503069830e-04 -7.0575179663457126e+00
1.9384232438318872e+14 9.0942678196652958e-04 -5.6968407023722598e+00
1.9407348218057922e+14 1.2880338373942627e-03 -4.0605651039556072e+00
1.9430519194951391e+14 2.3284314434180338e-03 -2.7933494503909664e+00
1.9453745566939894e+14 1.8847807479037853e-03 -2.2654823072163190e+00
1.9477027532911609e+14 1.7020307474813528e-03 -1.5762241838766695e+00
1.9500365292707978e+14 1.5078349805494088e-03 -1.3059092247695905e+00
1.9523759047129391e+14 2.3828635519074978e-03 -7.1784997102237802e-01
1.9547208997940975e+14 1.4035453122408629e-03 5.6915774856209314e-02
1.9570715347878372e+14 1.3410029116845163e-03 1.4801419342338114e+00
1.9594278300653594e+14 1.3819307387085899e-03 1.7788856615061066e-01
("port 3","mode 1",1,"port 5",1,"transmission")
(20, 3)
1.9156067603833869e+14 3.3872569701625917e-03 2.1407224510941205e+00
1.9178642094276097e+14 2.2655019013130846e-03 2.5785510386757906e+00
1.9201269853362550e+14 1.8435599353338889e-03 3.5241332775617340e+00
1.9223951069861628e+14 9.9728950108657691e-04 4.7483165947139385e+00
1.9246685933434703e+14 5.6058639356988053e-04 4.8896509029147843e+00
1.9269474634641409e+14 5.5816791028315195e-04 4.6794259329690178e+00
1.9292317364944962e+14 1.1356585338939515e-03 5.1321306565680924e+00
1.9315214316717531e+14 1.8480935708483511e-03 5.4972094742421769e+00
1.9338165683245631e+14 1.3516601024028453e-03 5.7121195464635424e+00
1.9361171658735556e+14 1.6787120899021042e-03 6.6520719453520130e+00
1.9384232438318872e+14 1.3379011360089511e-03 7.3922808308366594e+00
1.9407348218057922e+14 1.9859435378848799e-03 8.4447491744259615e+00
1.9430519194951391e+14 2.5911874697343009e-03 9.8589896380866655e+00
1.9453745566939894e+14 1.9848775364997321e-03 1.0699441896657497e+01
1.9477027532911609e+14 1.6153610471049459e-03 9.9095554445688823e+00
1.9500365292707978e+14 1.5483963183931329e-03 1.0396337735672729e+01
1.9523759047129391e+14 1.6898822287023064e-03 1.1618107166316735e+01
1.9547208997940975e+14 2.1626551186869165e-03 1.1623654008637399e+01
1.9570715347878372e+14 2.5511667533316511e-03 1.1932426916033577e+01
1.9594278300653594e+14 2.7339976166693369e-03 1.2063308311867878e+01
("port 3","mode 1",1,"port 6",1,"transmission")
(20, 3)
1.9156067603833869e+14 2.5920256674289966e-03 -2.2549035384829734e+00
1.9178642094276097e+14 1.9465104698889490e-03 -2.3692669952821861e+00
1.9201269853362550e+14 1.1708017703106191e-03 -1.7676857248487736e+00
1.9223951069861628e+14 5.5527777395145974e-04 1.1295435873484836e+00
1.9246685933434703e+14 6.0114234716257780e-04 -3.4662699512534212e-01
1.9269474634641409e+14 1.1977174431845080e-03 2.5087269488557840e+00
1.9292317364944962e+14 1.6305514750750475e-03 3.1941843315818153e+00
1.9315214316717531e+14 1.7569570078742352e-04 4.3086364904920377e-01
1.9338165683245631e+14 2.5008659652139597e-03 1.0373864547354485e-01
1.9361171658735556e+14 7.6505829693180802e-04 -2.6482238633902466e+00
1.9384232438318872e+14 2.9130814168556107e-04 -1.0729378442816948e+00
1.9407348218057922e+14 1.8003038398569675e-03 -5.5739807098629128e-02
1.9430519194951391e+14 1.8099397267857835e-03 -5.4355316778074980e-01
1.9453745566939894e+14 7.7350417279812157e-04 -1.9497829460057153e-01
1.9477027532911609e+14 4.3041063802047325e-03 -4.4960145274341051e-01
1.9500365292707978e+14 4.8309430495276267e-03 3.5989737197132143e-01
1.9523759047129391e+14 3.6502258647888590e-03 2.6331230364350637e+00
1.9547208997940975e+14 6.7766309373248320e-03 1.3415869465880492e+00
1.9570715347878372e+14 1.5037915977872331e-03 4.0747036240313168e+00
1.9594278300653594e+14 7.6120542659572519e-03 5.6226188409946669e+00
("port 4","mode 1",1,"port 1",1,"transmission")
(20, 3)
1.9156067603833869e+14 4.8856268370531297e-01 1.3373765608433270e+00
1.9178642094276097e+14 4.9510139515855051e-01 -1.4663203210954776e+00
1.9201269853362550e+14 4.9771887159505157e-01 -4.2591679192518184e+00
1.9223951069861628e+14 4.9898847182665351e-01 -7.0450565172503126e+00
1.9246685933434703e+14 5.0543654025179996e-01 -9.8226152234140773e+00
1.9269474634641409e+14 5.0084683423190779e-01 -1.2592147024202326e+01
1.9292317364944962e+14 5.0148822096794110e-01 -1.5353150233377361e+01
1.9315214316717531e+14 5.0126633485583350e-01 -1.8107520773213640e+01
1.9338165683245631e+14 5.0375023368618477e-01 -2.0835173993961025e+01
1.9361171658735556e+14 4.9233735503560611e-01 -2.3587056327799342e+01
1.9384232438318872e+14 4.8596935803059627e-01 -2.6319909526902755e+01
1.9407348218057922e+14 4.8200389986248565e-01 -2.9035423254381744e+01
1.9430519194951391e+14 4.7815156041058166e-01 -3.1754265528331995e+01
1.9453745566939894e+14 4.7093097305433895e-01 -3.4464616303259007e+01
1.9477027532911609e+14 4.6297620170888526e-01 -3.7169838580701942e+01
1.9500365292707978e+14 4.6245353265371397e-01 -3.9863202261243046e+01
1.9523759047129391e+14 4.5675825432394529e-01 -4.2534875912415508e+01
1.9547208997940975e+14 4.5484484288079491e-01 -4.5208398046624197e+01
1.9570715347878372e+14 4.5022613249678262e-01 -4.7888381203176749e+01
1.9594278300653594e+14 4.4589458575170227e-01 -5.0608222845849525e+01
("port 4","mode 1",1,"port 2",1,"transmission")
(20, 3)
1.9156067603833869e+14 4.6068562603150376e-01 -1.7633150914352884e+00
1.9178642094276097e+14 4.6559542619437455e-01 -4.5778662634612743e+00
1.9201269853362550e+14 4.6733838040645242e-01 -7.3967544886739880e+00
1.9223951069861628e+14 4.7040096591125286e-01 -1.0194632907841601e+01
1.9246685933434703e+14 4.7407944406714042e-01 -1.2983260543896545e+01
1.9269474634641409e+14 4.7728896049697755e-01 -1.5760091758258518e+01
1.9292317364944962e+14 4.8118901743368997e-01 -1.8524364441969688e+01
1.9315214316717531e+14 4.7917974432086369e-01 -2.1290702348988127e+01
1.9338165683245631e+14 4.8197349388921357e-01 -2.4045189323217226e+01
1.9361171658735556e+14 4.8720736762455957e-01 -2.6768820069213607e+01
1.9384232438318872e+14 4.8582577454893056e-01 -2.9507173336785151e+01
1.9407348218057922e+14 4.8766287524789964e-01 -3.2219110256096506e+01
1.9430519194951391e+14 4.9030126608038255e-01 -3.4933612453679068e+01
1.9453745566939894e+14 4.8573008635749287e-01 -3.7633400628855803e+01
1.9477027532911609e+14 4.8016691864776295e-01 -4.0328849861731754e+01
1.9500365292707978e+14 4.7967018054857269e-01 -4.3014162309533290e+01
1.9523759047129391e+14 4.7726295712203859e-01 -4.5684748160017271e+01
1.9547208997940975e+14 4.7299826599923250e-01 -4.8345692279454951e+01
1.9570715347878372e+14 4.6700254996243606e-01 -5.1008019385605181e+01
1.9594278300653594e+14 4.5857575004758921e-01 -5.3727804494485326e+01
("port 4","mode 1",1,"port 3",1,"transmission")
(20, 3)
1.9156067603833869e+14 8.9759398081799390e-04 -7.2049904750433724e-01
1.9178642094276097e+14 1.0235449445181609e-03 -4.1635530605893134e-01
1.9201269853362550e+14 1.4059149837893738e-03 2.3270571600725190e-01
1.9223951069861628e+14 3.5750103567772090e-04 6.4373514167004964e-01
1.9246685933434703e+14 7.8167272559676092e-04 2.6040788115125775e+00
1.9269474634641409e+14 9.3866136177992755e-04 2.9165012059178421e+00
1.9292317364944962e+14 9.1107520702339800e-04 3.7412359208461234e+00
1.9315214316717531e+14 1.9486508397311532e-03 4.6161398638179509e+00
1.9338165683245631e+14 3.0308062797431670e-03 4.8670275479660052e+00
1.9361171658735556e+14 8.9434237972032681e-04 6.8996940917463236e+00
1.9384232438318872e+14 1.9285085493274481e-03 7.5264133117149630e+00
1.9407348218057922e+14 2.7831725252554897e-03 8.1987104164100799e+00
1.9430519194951391e+14 2.2401324858103617e-03 9.5569159708401941e+00
1.9453745566939894e+14 2.0180464952751294e-03 9.8085181281281884e+00
1.9477027532911609e+14 2.9823693111860556e-03 1.0399339588434596e+01
1.9500365292707978e+14 3.3726458269800899e-03 1.1099544591545742e+01
1.9523759047129391e+14 2.9164136748211274e-03 1.1594491653050351e+01
1.9547208997940975e+14 2.7941662492993501e-03 1.3027132797161029e+01
1.9570715347878372e+14 2.8688236745437437e-03 1.3812961214004225e+01
1.9594278300653594e+14 2.4646196707133658e-03 1.1660049469452897e+01
("port 4","mode 1",1,"port 4",1,"transmission")
(20, 3)
1.9156067603833869e+14 1.8789304655280877e-03 -8.8892120676745967e-01
1.9178642094276097e+14 8.6600098742235939e-04 9.8263704299000346e-02
1.9201269853362550e+14 6.5018275949247869e-04 1.0781686233585577e+00
1.9223951069861628e+14 1.2269953634963999e-03 2.2822895059736412e+00
1.9246685933434703e+14 1.0004724135926409e-03 3.0880275061194400e+00
1.9269474634641409e+14 7.1598736375341819e-04 4.1638102445459912e+00
1.9292317364944962e+14 9.4187392745185281e-04 6.6107024056738419e+00
1.9315214316717531e+14 1.7531194552345441e-03 7.5938470982841100e+00
1.9338165683245631e+14 2.0790028433349209e-03 8.2746383884214101e+00
1.9361171658735556e+14 2.2968247933529546e-04 6.0335801228884831e+00
1.9384232438318872e+14 1.0990983118927410e-03 4.3676460512591584e+00
1.9407348218057922e+14 2.2643028372303260e-03 5.7924712691705924e+00
1.9430519194951391e+14 4.1347635929674430e-03 5.9141163717693157e+00
1.9453745566939894e+14 5.5502266024937746e-03 6.5930150660365490e+00
1.9477027532911609e+14 7.6647797256449816e-03 7.1605321541196716e+00
1.9500365292707978e+14 5.8644146234112559e-03 7.8830945396077743e+00
1.9523759047129391e+14 6.8798253461644183e-03 8.7564790101159424e+00
1.9547208997940975e+14 4.7785376623501420e-03 9.5292502102350038e+00
1.9570715347878372e+14 4.4032780957913038e-03 9.9143618065281522e+00
1.9594278300653594e+14 5.1238964011655610e-03 1.0275478010235606e+01
("port 4","mode 1",1,"port 5",1,"transmission")
(20, 3)
1.9156067603833869e+14 4.2628391466983913e-03 1.0079767457431421e+00
1.9178642094276097e+14 3.3948097216960895e-03 1.3998960954797024e+00
1.9201269853362550e+14 2.6376177159394502e-03 2.0881500123518810e+00
1.9223951069861628e+14 1.1605139360683448e-03 2.7712254703076629e+00
1.9246685933434703e+14 1.0861323858871309e-03 3.5840574237991110e+00
1.9269474634641409e+14 7.7047200680851905e-04 4.4663143312861218e+00
1.9292317364944962e+14 1.1202002594683353e-03 6.2175762724151760e+00
1.9315214316717531e+14 1.6816336981438063e-03 6.9728131808207152e+00
1.9338165683245631e+14 1.5346610534321971e-03 7.7397660303184210e+00
1.9361171658735556e+14 1.1678672032306612e-03 6.6777462552788238e+00
1.9384232438318872e+14 1.0751398432346485e-03 7.8235865983897588e+00
1.9407348218057922e+14 1.4073573582972572e-03 7.1284737792061632e+00
1.9430519194951391e+14 3.8595953070521372e-04 7.4384171744940719e+00
1.9453745566939894e+14 1.1761240741836427e-03 9.1012202955286572e+00
1.9477027532911609e+14 5.3963262887048603e-04 6.8969272598586890e+00
1.9500365292707978e+14 1.8609070002073211e-03 4.6860191056054425e+00
1.9523759047129391e+14 1.9662436559279026e-03 5.4521593255013983e+00
1.9547208997940975e+14 4.1175244624115214e-03 6.4508398530074889e+00
1.9570715347878372e+14 6.0787974156603112e-03 7.1818635986687918e+00
1.9594278300653594e+14 7.1503867917760396e-03 7.7627666524274233e+00
("port 4","mode 1",1,"port 6",1,"transmission")
(20, 3)
1.9156067603833869e+14 1.2033210876233903e-03 1.8563021057388371e+00
1.9178642094276097e+14 9.1189595607495003e-04 1.7288260373265441e+00
1.9201269853362550e+14 5.2217970843910502e-04 1.3857012239683137e+00
1.9223951069861628e+14 1.6766803235557285e-03 9.0282941059762589e-01
1.9246685933434703e+14 7.2740216879731102e-04 -1.6883380537605572e+00
1.9269474634641409e+14 1.7522161502690709e-03 -4.0835420054896341e+00
1.9292317364944962e+14 1.8447959522402827e-03 -3.4487865149652972e+00
1.9315214316717531e+14 4.5897065099147216e-04 -6.5165046645745948e+00
1.9338165683245631e+14 9.3765743381081588e-04 -6.4094028494515918e+00
1.9361171658735556e+14 1.4857027275826848e-03 -6.8598980741729871e+00
1.9384232438318872e+14 1.6361046903198241e-03 -6.4670905082833174e+00
1.9407348218057922e+14 2.6970129134881739e-03 -8.7248681466096336e+00
1.9430519194951391e+14 1.8149396045231182e-03 -6.4925156103308268e+00
1.9453745566939894e+14 3.0093900431616776e-03 -5.5047953845758375e+00
1.9477027532911609e+14 1.1380638568036416e-03 -5.8649574892551177e+00
1.9500365292707978e+14 1.4476113671170387e-03 -4.6302937508675566e+00
1.9523759047129391e+14 1.7443291092535463e-03 -5.7122120117890436e+00
1.9547208997940975e+14 1.9403426957736898e-03 -8.4886315762197277e+00
1.9570715347878372e+14 6.2905739571212608e-04 -8.9062115045684571e+00
1.9594278300653594e+14 6.2984039303554257e-03 -9.3804345776784306e+00
("port 5","mode 1",1,"port 1",1,"transmission")
(20, 3)
1.9156067603833869e+14 4.6068877864726365e-01 -1.7633287437443204e+00
1.9178642094276097e+14 4.6563891369018856e-01 -4.5774889035048583e+00
1.9201269853362550e+14 4.6739769709773854e-01 -7.3965952145628489e+00
1.9223951069861628e+14 4.7034423354299143e-01 -1.0194532050114471e+01
1.9246685933434703e+14 4.7326800143269426e-01 -1.2982349866773678e+01
1.9269474634641409e+14 4.7751377408034801e-01 -1.5759923578840271e+01
1.9292317364944962e+14 4.8119968474676234e-01 -1.8524384186634954e+01
1.9315214316717531e+14 4.7909535077315074e-01 -2.1291146812680747e+01
1.9338165683245631e+14 4.8155818921775517e-01 -2.4051043050236139e+01
1.9361171658735556e+14 4.8737743957624796e-01 -2.6767784517025259e+01
1.9384232438318872e+14 4.8573563337124209e-01 -2.9507493394381509e+01
1.9407348218057922e+14 4.8767080163976873e-01 -3.2218968153602141e+01
1.9430519194951391e+14 4.9027465990792723e-01 -3.4933587253276251e+01
1.9453745566939894e+14 4.8554713345320405e-01 -3.7633174885989213e+01
1.9477027532911609e+14 4.8080336132205381e-01 -4.0327947605563239e+01
1.9500365292707978e+14 4.7964937440870553e-01 -4.3014139800131709e+01
1.9523759047129391e+14 4.7726621528719171e-01 -4.5684732901405745e+01
1.9547208997940975e+14 4.7299757163315975e-01 -4.8345688924651363e+01
1.9570715347878372e+14 4.6632010388739487e-01 -5.1016075625945021e+01
1.9594278300653594e+14 4.5896038731219868e-01 -5.3728627639218722e+01
("port 5","mode 1",1,"port 2",1,"transmission")
(20, 3)
1.9156067603833869e+14 4.8856126918939463e-01 1.3373844917942483e+00
1.9178642094276097e+14 4.9530734676096649e-01 -1.4671440811263323e+00
1.9201269853362550e+14 4.9738881567400417e-01 -4.2593791457912999e+00
1.9223951069861628e+14 4.9889240524772416e-01 -7.0453042667861858e+00
1.9246685933434703e+14 5.0625707874582149e-01 -9.8233943894102538e+00
1.9269474634641409e+14 5.0095498962438978e-01 -1.2592658351183305e+01
1.9292317364944962e+14 5.0149920864343112e-01 -1.5353172390805838e+01
1.9315214316717531e+14 5.0112572426863722e-01 -1.8107799708180778e+01
1.9338165683245631e+14 5.0306827251632835e-01 -2.0837882179230292e+01
1.9361171658735556e+14 4.9252693143477838e-01 -2.3586050018887448e+01
1.9384232438318872e+14 4.8600491759068892e-01 -2.6320181565549095e+01
1.9407348218057922e+14 4.8221700231710762e-01 -2.9034915928440991e+01
1.9430519194951391e+14 4.7813143616245563e-01 -3.1754232796768125e+01
1.9453745566939894e+14 4.7122195196044769e-01 -3.4465372799095789e+01
1.9477027532911609e+14 4.6195897929674429e-01 -3.7170224424607966e+01
1.9500365292707978e+14 4.6243809661629759e-01 -3.9863168711735504e+01
1.9523759047129391e+14 4.5675241194943189e-01 -4.2534889271832604e+01
1.9547208997940975e+14 4.5484553722504117e-01 -4.5208401428755330e+01
1.9570715347878372e+14 4.5107146495679867e-01 -4.7879572612491145e+01
1.9594278300653594e+14 4.4558280237840947e-01 -5.0607312106627980e+01
("port 5","mode 1",1,"port 3",1,"transmission")
(20, 3)
1.9156067603833869e+14 1.1736621667242987e-03 1.6127685597374553e+00
1.9178642094276097e+14 8.2244520454661022e-04 1.7084981537596844e+00
1.9201269853362550e+14 3.0578935130731689e-04 2.3792587792680968e+00
1.9223951069861628e+14 1.4839836066563724e-03 8.1800095609673995e-01
1.9246685933434703e+14 1.0563225276193039e-03 1.6565583262567007e+00
1.9269474634641409e+14 1.7601631048271434e-03 2.3767558340138706e+00
1.9292317364944962e+14 1.7833877926068441e-03 2.9486643013855316e+00
1.9315214316717531e+14 1.4571491589251472e-03 3.9401360278064024e+00
1.9338165683245631e+14 2.1023528338065295e-03 2.7872699839857304e+00
1.9361171658735556e+14 1.5065549170658048e-03 5.6325297716233500e+00
1.9384232438318872e+14 1.6937623657567711e-03 6.1119450513341054e+00
1.9407348218057922e+14 9.4715248986952942e-04 8.7662989341385043e+00
1.9430519194951391e+14 1.6963403366717187e-03 6.0857890744840208e+00
1.9453745566939894e+14 2.7770188557035393e-03 6.7157442361838164e+00
1.9477027532911609e+14 5.6851721994921394e-04 7.1096990038881209e+00
1.9500365292707978e+14 1.4764824440391831e-03 7.9795074262658847e+00
1.9523759047129391e+14 1.3116922969381585e-03 7.6070862684188247e+00
1.9547208997940975e+14 1.9160151098033768e-03 1.0385636167113377e+01
1.9570715347878372e+14 2.3832218253626875e-03 1.0924777936381508e+01
1.9594278300653594e+14 1.3978430593081152e-03 1.1159647439534783e+01
("port 5","mode 1",1,"port 4",1,"transmission")
(20, 3)
1.9156067603833869e+14 4.2626809758105934e-03 1.0079808979488813e+00
1.9178642094276097e+14 3.4095979908612584e-03 1.4030477406137767e+00
1.9201269853362550e+14 2.6481394907385482e-03 2.0866762452815455e+00
1.9223951069861628e+14 1.1619136439351226e-03 2.7706498667501891e+00
1.9246685933434703e+14 1.0856377388792989e-03 3.5803003140745213e+00
1.9269474634641409e+14 7.8014067807234927e-04 4.4698059875631788e+00
1.9292317364944962e+14 1.1200398247429673e-03 6.2171342563518150e+00
1.9315214316717531e+14 1.6861246680912867e-03 6.9704718178097202e+00
1.9338165683245631e+14 1.5362655737103537e-03 7.8160735307663849e+00
1.9361171658735556e+14 1.2017524613083064e-03 6.6894534847794054e+00
1.9384232438318872e+14 1.0673387585327730e-03 7.8251956886109753e+00
1.9407348218057922e+14 1.4453767771554682e-03 7.1240727908473804e+00
1.9430519194951391e+14 3.8310892641579158e-04 7.4421481848944264e+00
1.9453745566939894e+14 1.1828433132548882e-03 9.1005002056448578e+00
1.9477027532911609e+14 5.6443969518714203e-04 6.9710254781968484e+00
1.9500365292707978e+14 1.8578122666287817e-03 4.6870417950321972e+00
1.9523759047129391e+14 1.9660661077561662e-03 5.4522694060770229e+00
1.9547208997940975e+14 4.1175114782491225e-03 6.4508409180897930e+00
1.9570715347878372e+14 6.0567895457581816e-03 7.1810200963233282e+00
1.9594278300653594e+14 7.1480133645413857e-03 7.7625711113986871e+00
("port 5","mode 1",1,"port 5",1,"transmission")
(20, 3)
1.9156067603833869e+14 1.8795178077370548e-03 -8.8883682016224219e-01
1.9178642094276097e+14 8.6991610663018849e-04 1.5070462031923584e-01
1.9201269853362550e+14 6.7313387038295920e-04 1.0861101719005115e+00
1.9223951069861628e+14 1.2304153300067297e-03 2.2876696976367721e+00
1.9246685933434703e+14 1.0028739715750550e-03 3.0891447357193882e+00
1.9269474634641409e+14 7.2577510330034192e-04 4.1788758204229364e+00
1.9292317364944962e+14 9.4216190476033594e-04 6.6105556978374755e+00
1.9315214316717531e+14 1.7542040011567551e-03 7.5980797941624818e+00
1.9338165683245631e+14 2.0748459752224710e-03 8.3083717115911160e+00
1.9361171658735556e+14 2.0905985957905503e-04 6.0081241853565883e+00
1.9384232438318872e+14 1.0968129133503595e-03 4.3704442941001194e+00
1.9407348218057922e+14 2.2509684706952695e-03 5.8006788352178571e+00
1.9430519194951391e+14 4.1363723987991961e-03 5.9142963857999060e+00
1.9453745566939894e+14 5.5221504322041214e-03 6.5899983190969635e+00
1.9477027532911609e+14 7.6762113356070097e-03 7.1665514234551830e+00
1.9500365292707978e+14 5.8663132538626216e-03 7.8835793325406494e+00
1.9523759047129391e+14 6.8800466096494897e-03 8.7564757038760028e+00
1.9547208997940975e+14 4.7785530514521208e-03 9.5292510921814753e+00
1.9570715347878372e+14 4.3888044882894753e-03 9.9148077446730838e+00
1.9594278300653594e+14 5.1315426866349627e-03 1.0272157322531232e+01
("port 5","mode 1",1,"port 6",1,"transmission")
(20, 3)
1.9156067603833869e+14 8.5297139499568731e-04 -2.9469285403308504e-01
1.9178642094276097e+14 1.3879363557702464e-03 -3.9724809302016945e-01
1.9201269853362550e+14 1.1143099771657409e-03 3.6822902898646587e-01
1.9223951069861628e+14 4.8386459798628844e-04 8.3665634821268742e-01
1.9246685933434703e+14 6.3863491683168621e-04 3.7823164489193295e+00
1.9269474634641409e+14 8.2544262643103033e-04 2.6978076852366737e+00
1.9292317364944962e+14 8.2963988767993061e-04 3.5232056807914858e+00
1.9315214316717531e+14 5.2305929253944447e-04 5.0125811693939610e+00
1.9338165683245631e+14 6.8213997867823146e-04 3.8873459040248433e+00
1.9361171658735556e+14 9.9829394726065764e-04 7.9419405225158857e-01
1.9384232438318872e+14 1.9150037611610445e-03 1.1739853457181277e+00
1.9407348218057922e+14 6.7889394780808480e-04 3.6422621646748610e+00
1.9430519194951391e+14 2.3065289121354526e-03 3.1350021489652682e+00
1.9453745566939894e+14 1.7478339483003650e-03 4.0669289687579475e+00
1.9477027532911609e+14 3.2870586987825434e-03 4.0508242848759473e+00
1.9500365292707978e+14 3.2999995726959654e-03 4.8076104639431492e+00
1.9523759047129391e+14 1.1108056800666517e-03 2.9945820572221993e+00
1.9547208997940975e+14 2.8476680299826143e-03 4.3908912710589121e-01
1.9570715347878372e+14 6.0014168202064948e-04 5.4478661884570867e-01
1.9594278300653594e+14 2.4248277107211690e-03 -3.5633224565794708e-01
("port 6","mode 1",1,"port 1",1,"transmission")
(20, 3)
1.9156067603833869e+14 4.7903747818594278e-01 -2.5428397289588767e+00
1.9178642094276097e+14 4.7746724054695960e-01 -5.3710719552805601e+00
1.9201269853362550e+14 4.8002949108301501e-01 -8.1633571193217520e+00
1.9223951069861628e+14 4.8424492335917169e-01 -1.0956416867257628e+01
1.9246685933434703e+14 2.6115789555476177e-01 -1.1673027490737370e+01
1.9269474634641409e+14 4.8072531425186149e-01 -1.0234927778813177e+01
1.9292317364944962e+14 4.7855530104198990e-01 -1.3013398616348752e+01
1.9315214316717531e+14 2.5411073395048245e-01 -1.4076565487384674e+01
1.9338165683245631e+14 9.2758064335993692e-02 -1.6627288409345379e+01
1.9361171658735556e+14 4.8872488869106046e-01 -1.4981532579726299e+01
1.9384232438318872e+14 4.8596095216246399e-01 -1.7712502126258293e+01
1.9407348218057922e+14 5.1207594896474473e-02 -1.7929594994381151e+01
1.9430519194951391e+14 4.8994906622675205e-01 -1.6855243531342367e+01
1.9453745566939894e+14 4.7985245851574926e-01 -1.9527962490236629e+01
1.9477027532911609e+14 4.8004010730407703e-01 -2.2254895643374677e+01
1.9500365292707978e+14 4.8512024780305602e-01 -2.4937985971647770e+01
1.9523759047129391e+14 2.8664403945133998e-01 -2.5908094113650940e+01
1.9547208997940975e+14 4.6720089942982379e-01 -2.3993663143068332e+01
1.9570715347878372e+14 1.0954160342782625e-01 -2.4876893491002505e+01
1.9594278300653594e+14 3.9586506620690209e-01 -2.7257753685990611e+01
("port 6","mode 1",1,"port 2",1,"transmission")
(20, 3)
1.9156067603833869e+14 4.8484378539416589e-01 -2.5289134370228106e+00
1.9178642094276097e+14 4.8051493441076953e-01 -5.3551443117547093e+00
1.9201269853362550e+14 4.8647592523499383e-01 -8.1577228514389972e+00
1.9223951069861628e+14 4.8710312433897918e-01 -1.0945781926510060e+01
1.9246685933434703e+14 2.5698847488077897e-01 -1.1666761233329906e+01
1.9269474634641409e+14 4.8345518978711943e-01 -1.0218356070813428e+01
1.9292317364944962e+14 4.8222472520226106e-01 -1.2994617157789069e+01
1.9315214316717531e+14 2.5415548973085794e-01 -1.4091079845699158e+01
1.9338165683245631e+14 1.0882328764074918e-01 -1.6663565780329343e+01
1.9361171658735556e+14 4.8526138417759723e-01 -1.4960962484224634e+01
1.9384232438318872e+14 4.8457840492419690e-01 -1.7686026079102181e+01
1.9407348218057922e+14 6.8433867421648295e-02 -1.8355077068958618e+01
1.9430519194951391e+14 4.7825236117747727e-01 -1.6854994468394647e+01
1.9453745566939894e+14 4.6625254032071572e-01 -1.9556136842831254e+01
1.9477027532911609e+14 4.6726376423103022e-01 -2.2249797944843898e+01
1.9500365292707978e+14 4.7105160150406561e-01 -2.4933574770626095e+01
1.9523759047129391e+14 2.9025305896708997e-01 -2.5924736592170486e+01
1.9547208997940975e+14 4.5763156566845364e-01 -2.4016383240566370e+01
1.9570715347878372e+14 1.1388514724460422e-01 -2.4814465189418033e+01
1.9594278300653594e+14 3.7708478574228532e-01 -2.7300935989770441e+01
("port 6","mode 1",1,"port 3",1,"transmission")
(20, 3)
1.9156067603833869e+14 2.5345433641461848e-03 -2.2820389673526758e+00
1.9178642094276097e+14 1.8978229401889163e-03 -2.2811739181248312e+00
1.9201269853362550e+14 1.3507862552434358e-03 -1.8560973358071731e+00
1.9223951069861628e+14 4.8777945697212668e-04 1.1440530056912763e+00
1.9246685933434703e+14 5.7316580074044795e-04 -4.5380222739912612e-01
1.9269474634641409e+14 1.2040662475860378e-03 2.5498077869104510e+00
1.9292317364944962e+14 1.6335309189149424e-03 3.2694245761081211e+00
1.9315214316717531e+14 4.7646133296073940e-04 6.2115686809103376e+00
1.9338165683245631e+14 2.1526806207620847e-03 6.4275967931263862e+00
1.9361171658735556e+14 1.0340905026407572e-03 3.4902517345018635e+00
1.9384232438318872e+14 2.0293071658972485e-04 4.8164629996680848e+00
1.9407348218057922e+14 3.1711888183604030e-03 6.2420826177676343e+00
1.9430519194951391e+14 1.6879988065493607e-03 5.6414270064805718e+00
1.9453745566939894e+14 1.2188915979973864e-03 5.5207468883571931e+00
1.9477027532911609e+14 4.2812937110016372e-03 5.8153167656054165e+00
1.9500365292707978e+14 4.8144272835778726e-03 6.6398607486649412e+00
1.9523759047129391e+14 3.7253993153112674e-03 8.9931272351631222e+00
1.9547208997940975e+14 6.7960734282214406e-03 7.6217150710829955e+00
1.9570715347878372e+14 1.5693091114520009e-03 1.0359687288005491e+01
1.9594278300653594e+14 9.4617870317990002e-03 1.1662002759640718e+01
("port 6","mode 1",1,"port 4",1,"transmission")
(20, 3)
1.9156067603833869e+14 3.6522613849880982e-03 2.2662395476373582e+00
1.9178642094276097e+14 2.3146740356790817e-03 2.6001001965525679e+00
1.9201269853362550e+14 1.5027193578732332e-03 3.3051707449867473e+00
1.9223951069861628e+14 4.5094820268281536e-04 4.6143133387135959e+00
1.9246685933434703e+14 6.7527934670686773e-05 6.6446499606919298e+00
1.9269474634641409e+14 6.6248122667752118e-04 4.8516861337091246e+00
1.9292317364944962e+14 1.1313926443469605e-03 5.3213301107144177e+00
1.9315214316717531e+14 5.9768249317661087e-04 7.1205913700404153e+00
1.9338165683245631e+14 4.4961911655050011e-04 9.8982727994940589e+00
1.9361171658735556e+14 1.8204368493190126e-03 6.8194050610861137e+00
1.9384232438318872e+14 1.4053976771879696e-03 7.3498261030672571e+00
1.9407348218057922e+14 2.9553092006166857e-03 9.8334412055449860e+00
1.9430519194951391e+14 2.4354934085016144e-03 9.7407938331119546e+00
1.9453745566939894e+14 1.2029230960709442e-03 1.0129658508596098e+01
1.9477027532911609e+14 1.2814349164043423e-03 9.9739177720261374e+00
1.9500365292707978e+14 1.5225768784387160e-03 1.0400614753505842e+01
1.9523759047129391e+14 1.6329341898058329e-03 1.3355159077073369e+01
1.9547208997940975e+14 2.1747118381199690e-03 1.1617208184334647e+01
1.9570715347878372e+14 5.2683196649245265e-04 1.0858210361815287e+01
1.9594278300653594e+14 2.1152469440574228e-03 9.8505638077181175e+00
("port 6","mode 1",1,"port 5",1,"transmission")
(20, 3)
1.9156067603833869e+14 1.1900172643239937e-03 -8.8778189687938691e-01
1.9178642094276097e+14 7.4597537100830032e-04 -1.3152000949479747e+00
1.9201269853362550e+14 4.1014915099693035e-04 -1.3992799987624631e+00
1.9223951069861628e+14 3.8773505156514262e-04 -1.9935711135593586e+00
1.9246685933434703e+14 2.3829089163452264e-04 -2.0272074176805216e-01
1.9269474634641409e+14 4.3266658265465776e-04 -2.0104814526421984e+00
1.9292317364944962e+14 5.7266543405820104e-04 -1.6654658403434595e+00
1.9315214316717531e+14 1.2536613187945135e-03 8.1479219400981129e-01
1.9338165683245631e+14 3.4843459990034837e-04 7.9947552330225513e-01
1.9361171658735556e+14 6.2683932270400861e-04 -6.0229892922731876e-01
1.9384232438318872e+14 9.1180009040297627e-04 3.5300640079297352e-01
1.9407348218057922e+14 2.0232304471083933e-03 -2.5006011617058297e+00
1.9430519194951391e+14 2.4509764484659411e-03 -2.7139863201490573e+00
1.9453745566939894e+14 2.5952500424627207e-03 -1.8317731555299877e+00
1.9477027532911609e+14 1.8524459595617437e-03 -1.6728809873855801e+00
1.9500365292707978e+14 1.5494803692752022e-03 -1.2998764375049110e+00
1.9523759047129391e+14 1.1920821889860754e-03 7.4099306722659886e-01
1.9547208997940975e+14 1.4088044742406030e-03 6.3325238849061549e-02
1.9570715347878372e+14 1.1246908543087253e-03 1.4975790242049707e+00
1.9594278300653594e+14 1.1068940793734336e-03 1.7567162859267740e+00
("port 6","mode 1",1,"port 6",1,"transmission")
(20, 3)
1.9156067603833869e+14 1.4177996211848284e-03 1.7058412594914099e+00
1.9178642094276097e+14 1.8478862520533647e-04 3.2739255753137270e-01
1.9201269853362550e+14 2.3524606779131514e-04 2.0681780662611375e+00
1.9223951069861628e+14 1.6349302709787504e-03 4.5223807633471393e+00
1.9246685933434703e+14 3.1072689160247180e-04 7.2888639931803834e+00
1.9269474634641409e+14 1.9425734092246025e-03 5.6214624922481429e+00
1.9292317364944962e+14 2.3069129136188966e-03 6.3581294333588199e+00
1.9315214316717531e+14 3.2515932224815150e-04 7.7180458479598979e+00
1.9338165683245631e+14 7.2121976266150388e-04 7.7057447176250973e+00
1.9361171658735556e+14 4.1060551112886215e-03 9.7308540620021589e+00
1.9384232438318872e+14 3.6364383670390581e-03 1.0109944708749184e+01
1.9407348218057922e+14 2.8196706934341671e-03 8.0853354554721371e+00
1.9430519194951391e+14 4.8152511052925685e-03 5.3333080961988593e+00
1.9453745566939894e+14 2.5724563868099381e-03 5.9414326237358148e+00
1.9477027532911609e+14 2.0289027333730007e-03 5.3411845330819778e+00
1.9500365292707978e+14 3.0186758318636398e-03 6.1437563096166414e+00
1.9523759047129391e+14 2.3835582735300415e-03 4.1869787164927823e+00
1.9547208997940975e+14 5.7551311637369738e-03 1.3219134904400789e+00
1.9570715347878372e+14 6.9494141239630149e-04 -4.9645380201943878e-01
1.9594278300653594e+14 6.4484755707273477e-03 -1.7073571407700896e+00
